(1 5 6 17 8 20 16 15 4 13) (2 9 14 11 18 19 12 7 10 3) 
(1 5 8 15 17 20 16 13 6 4) (2 11 12 18 7 19 10 9 3 14) 
(1 4 5 8 15 20 17 16 13 6) (2 11 12 18 7 19 10 9 3 14) 
(1 4 6 13 16 20 17 15 8 5) (2 14 3 9 10 19 7 18 12 11) 
(1 6 13 16 17 20 15 8 5 4) (2 14 3 9 10 19 7 18 12 11) 
(1 17 16 13 6 20 4 5 8 15) (2 11 12 3 14 19 10 9 18 7) 
(1 8 17 6 5 20 13 4 15 16) (2 18 10 14 12 19 3 11 7 9) 
(1 9 7 16 8 20 12 14 5 13) (2 18 15 11 17 19 3 6 10 4) 
(1 13 4 15 16 20 8 17 6 5) (2 3 10 7 12 19 18 11 14 9) 
(1 13 5 14 12 20 8 16 7 9) (2 4 10 6 3 19 17 11 15 18) 
(1 13 17 5 6 20 8 4 16 15) (2 9 7 11 3 19 12 14 10 18) 
(1 14 8 9 5 20 7 13 12 16) (2 6 17 18 10 19 15 4 3 11) 
(1 16 12 13 7 20 5 9 8 14) (2 11 3 4 15 19 10 18 17 6) 
(1 16 15 4 13 20 5 6 17 8) (2 9 7 11 3 19 12 14 10 18) 
(1 15 8 5 4 20 6 13 16 17) (2 7 18 9 10 19 14 3 12 11) 
(1 15 16 4 8 20 6 5 17 13) (2 18 10 14 12 19 3 11 7 9) 
